%YAML:1.0
---
leftCamMatrix: !!opencv-matrix
   rows: 3
   cols: 3
   dt: d
   data: [ 1.6452000000000000e+03, -1.2696000000000001e+00,
       6.2283230000000003e+02, 0., 1.6457000000000000e+03,
       4.5735320000000002e+02, 0., 0., 1. ]
rightCamMatrix: !!opencv-matrix
   rows: 3
   cols: 3
   dt: d
   data: [ 1.6367000000000000e+03, -7.8449999999999998e-01,
       5.9382849999999996e+02, 0., 1.6365999999999999e+03,
       4.6249079999999998e+02, 0., 0., 1. ]
leftDistCoeffs: !!opencv-matrix
   rows: 1
   cols: 5
   dt: d
   data: [ -3.3350000000000002e-01, -4.8139999999999999e-01,
       2.8000000000000000e-03, -3.0999999999999999e-03,
       2.8210000000000002e+00 ]
rightDistCoeffs: !!opencv-matrix
   rows: 1
   cols: 5
   dt: d
   data: [ -5.3739999999999999e-01, 4.6433000000000000e+00,
       1.4000000000000000e-03, -3.6650000000000002e-04,
       -3.9709000000000003e+01 ]
R: !!opencv-matrix
   rows: 3
   cols: 3
   dt: d
   data: [ 9.9990000000000001e-01, 5.1000000000000004e-03,
       -1.3100000000000001e-02, -5.0000000000000001e-03, 1.,
       4.0000000000000001e-03, 1.3100000000000001e-02,
       -4.0000000000000001e-03, 9.9990000000000001e-01 ]
T: !!opencv-matrix
   rows: 1
   cols: 3
   dt: d
   data: [ -1.7268199999999999e+02, 4.8000000000000001e-02,
       -2.0510000000000000e-01 ]
E: !!opencv-matrix
   rows: 3
   cols: 3
   dt: d
   data: [ 4.0978000000000000e-04, 2.0530000000000001e-01,
       4.7199999999999999e-02, -2.4651000000000001e+00,
       6.9540000000000002e-01, 1.7266309999999999e+02,
       -9.2230000000000001e-01, -1.7267820000000000e+02,
       6.8240000000000001e-01 ]
F: !!opencv-matrix
   rows: 3
   cols: 3
   dt: d
   data: [ 1.5218000000000001e-10, 7.6211999999999994e-08,
       -6.1051999999999996e-06, -9.1549999999999996e-07,
       2.5754000000000002e-07, 1.0600000000000000e-01,
       -1.3727999999999999e-04, -1.0510000000000000e-01,
       2.3800000000000002e-02 ]
