%YAML:1.0
---
leftCamIntrinsic: !!opencv-matrix
   rows: 3
   cols: 3
   dt: d
   data: [ 8.1489919999999995e+02, 0., 3.0084109999999998e+02, 0.,
       8.1496720000000005e+02, 2.3976140000000001e+02, 0., 0., 1. ]
rightCamIntrinsic: !!opencv-matrix
   rows: 3
   cols: 3
   dt: d
   data: [ 8.1019479999999999e+02, 0., 3.0010930000000002e+02, 0.,
       8.1058249999999998e+02, 2.3944569999999999e+02, 0., 0., 1. ]
leftDistCoeffs: !!opencv-matrix
   rows: 1
   cols: 5
   dt: d
   data: [ -3.8700000000000001e-01, 2.0519999999999999e-01,
       -1.1000000000000001e-03, -1.2999999999999999e-03,
       -1.4169999999999999e-01 ]
rightDistCoeffs: !!opencv-matrix
   rows: 1
   cols: 5
   dt: d
   data: [ -3.7980000000000003e-01, 3.3700000000000001e-02,
       -1.1000000000000001e-03, 1.1999999999999999e-03,
       1.1943999999999999e+00 ]
R: !!opencv-matrix
   rows: 3
   cols: 3
   dt: d
   data: [ 1., 5.1000000000000004e-03, 8.0104000000000004e-04,
       -5.1000000000000004e-03, 1., 4.5665000000000001e-04,
       -7.9867999999999996e-04, -4.6076000000000000e-04, 1. ]
T: !!opencv-matrix
   rows: 3
   cols: 1
   dt: d
   data: [ -1.6788749999999999e+02, -1.3530000000000000e-01,
       9.6160000000000001e-01 ]
E: !!opencv-matrix
   rows: 3
   cols: 3
   dt: d
   data: [ -5.1000000000000004e-03, -9.6170000000000000e-01,
       -1.3480000000000000e-01, 1.0961000000000001e+00,
       7.1700000000000000e-02, 1.6788659999999999e+02,
       -7.2789999999999999e-01, -1.6788589999999999e+02,
       7.2200000000000000e-02 ]
F: !!opencv-matrix
   rows: 3
   cols: 3
   dt: d
   data: [ -7.6530000000000008e-09, -1.4564999999999999e-06,
       1.8509000000000000e-04, 1.6593999999999999e-06,
       1.0857000000000000e-07, 2.0660000000000001e-01,
       -1.2999999999999999e-03, -2.0560000000000000e-01,
       2.1420000000000000e-01 ]
