%YAML:1.0
---
leftCamIntrinsic: !!opencv-matrix
   rows: 3
   cols: 3
   dt: d
   data: [ 8.1519672346239304e+02, 2.0863048624406699e-01,
       3.0654029301901602e+02, 0., 8.1473356712415898e+02,
       2.3047809099963499e+02, 0., 0., 1. ]
rightCamIntrinsic: !!opencv-matrix
   rows: 3
   cols: 3
   dt: d
   data: [ 8.0827524705085500e+02, -1.2696224175331200e-01,
       3.0162120782049300e+02, 0., 8.0842636780763098e+02,
       2.3285652191608301e+02, 0., 0., 1. ]
leftDistCoeffs: !!opencv-matrix
   rows: 5
   cols: 1
   dt: d
   data: [ -3.6791820363428401e-01, 1.1692059656915500e-01,
       -1.4174272285005199e-03, -2.3391646146729999e-03, 0. ]
rightDistCoeffs: !!opencv-matrix
   rows: 5
   cols: 1
   dt: d
   data: [ -3.5794199865927101e-01, -1.5804022726788500e-01,
       -1.3657604606144499e-03, 1.1361773474143000e-03, 0. ]
R: !!opencv-matrix
   rows: 3
   cols: 3
   dt: d
   data: [ 9.9999034858938896e-01, -1.4231203974445000e-03,
       4.1566159802339598e-03, 1.4380874658438401e-03,
       9.9999248586785605e-01, -3.6000155926439298e-03,
       -4.1514614912512198e-03, 3.6059584247567201e-03,
       9.9998488110137196e-01 ]
T: !!opencv-matrix
   rows: 3
   cols: 1
   dt: d
   data: [ -8.0157954349285902e+01, 9.0028801411886003e-02,
       1.5822453646085000e-01 ]
E: !!opencv-matrix
   rows: 3
   cols: 3
   dt: d
   data: [ -6.0129182483824805e-04, -1.5789870742585199e-01,
       9.0597051073961807e-02, -1.7454965132765399e-01,
       2.8882107823185899e-01, 8.0157400127936597e+01,
       -2.0530208194434801e-01, -8.0157223910000894e+01,
       2.8819567037723898e-01 ]
F: !!opencv-matrix
   rows: 3
   cols: 3
   dt: d
   data: [ -9.1256455184928799e-10, -2.3977464845775101e-07,
       1.6762942160950699e-04, -2.6485996972613403e-07,
       4.3853340547729599e-07, 9.9132517622787505e-02,
       -1.8989398522913301e-04, -9.8414314782498194e-02,
       -9.3341490549828904e-02 ]
R1: !!opencv-matrix
   rows: 3
   cols: 3
   dt: d
   data: [ 9.9999434915533703e-01, -2.5533656605378438e-03,
       2.1867741533286630e-03, 2.5572969111940748e-03,
       9.9999511579747791e-01, -1.7968343542036041e-03,
       -2.1821754975431163e-03, 1.8024164313595863e-03,
       9.9999599469453182e-01 ]
R2: !!opencv-matrix
   rows: 3
   cols: 3
   dt: d
   data: [ 9.9999742112640888e-01, -1.1231395558270120e-03,
       -1.9739042706858755e-03, 1.1266900326463109e-03,
       9.9999774795036100e-01, 1.7985171048259258e-03,
       1.9718798396532278e-03, -1.8007364449448245e-03,
       9.9999643451272069e-01 ]
P1: !!opencv-matrix
   rows: 3
   cols: 4
   dt: d
   data: [ 7.9536152975616562e+02, 0., 2.9677774810791016e+02, 0., 0.,
       7.9536152975616562e+02, 2.2842310142517090e+02, 0., 0., 0., 1.,
       0. ]
P2: !!opencv-matrix
   rows: 3
   cols: 4
   dt: d
   data: [ 7.9536152975616562e+02, 0., 2.9677774810791016e+02,
       -6.3754717608730476e+04, 0., 7.9536152975616562e+02,
       2.2842310142517090e+02, 0., 0., 0., 1., 0. ]
Q: !!opencv-matrix
   rows: 4
   cols: 4
   dt: d
   data: [ 1., 0., 0., -2.9677774810791016e+02, 0., 1., 0.,
       -2.2842310142517090e+02, 0., 0., 0., 7.9536152975616562e+02, 0.,
       0., 1.2475336094144194e-02, 0. ]
